optseq2
$Id: optseq2.c,v 2.14 2008/03/10 13:35:23 nicks Exp $
NoSearch  = 0
nSearch  = 1000
nKeep    = 10
PctUpdate  = 10.000000
nCB1Opt  = 0
seed     = 855650
Ntp  = 512
TR   = 1.5
TPreScan   = 0
PSD Window   = 0 20 0.5
nEvTypes = 10
EvNo    Label Duration nRepsNom
 1      cond1  6.000    8
 2      cond2  6.000    8
 3      cond3  6.000    8
 4      cond4  6.000    8
 5      cond5  6.000    8
 6      cond6  6.000    8
 7      cond7  6.000    8
 8      cond8  6.000    8
 9      cond9  6.000    8
10     cond10  6.000    8
PctVarEvReps = 0
VarEvRepsPerCond = 0
PolyOrder = -1
tNullMax = -1
tNullMin = 0
AR1 = 0
No refractory penalty
Cost = eff
OutStem = simcomp
Summary File = simcomp.sum


EV Contrast: -2.000 -1.000  0.000  1.000  2.000 -2.000 -1.000  0.000  1.000  2.000 
SumDelays = 1
Contrast Matrix: ----------------- 
-2.000  -2.000  -2.000  -2.000  -2.000  -2.000  -2.000  -2.000  -2.000  -2.000  -2.000  -2.000  -2.000  -2.000  -2.000  -2.000  -2.000  -2.000  -2.000  -2.000  -2.000  -2.000  -2.000  -2.000  -2.000  -2.000  -2.000  -2.000  -2.000  -2.000  -2.000  -2.000  -2.000  -2.000  -2.000  -2.000  -2.000  -2.000  -2.000  -2.000  -1.000  -1.000  -1.000  -1.000  -1.000  -1.000  -1.000  -1.000  -1.000  -1.000  -1.000  -1.000  -1.000  -1.000  -1.000  -1.000  -1.000  -1.000  -1.000  -1.000  -1.000  -1.000  -1.000  -1.000  -1.000  -1.000  -1.000  -1.000  -1.000  -1.000  -1.000  -1.000  -1.000  -1.000  -1.000  -1.000  -1.000  -1.000  -1.000  -1.000   0.000   0.000   0.000   0.000   0.000   0.000   0.000   0.000   0.000   0.000   0.000   0.000   0.000   0.000   0.000   0.000   0.000   0.000   0.000   0.000   0.000   0.000   0.000   0.000   0.000   0.000   0.000   0.000   0.000   0.000   0.000   0.000   0.000   0.000   0.000   0.000   0.000   0.000   0.000   0.000   1.000   1.000   1.000   1.000   1.000   1.000   1.000   1.000   1.000   1.000   1.000   1.000   1.000   1.000   1.000   1.000   1.000   1.000   1.000   1.000   1.000   1.000   1.000   1.000   1.000   1.000   1.000   1.000   1.000   1.000   1.000   1.000   1.000   1.000   1.000   1.000   1.000   1.000   1.000   1.000   2.000   2.000   2.000   2.000   2.000   2.000   2.000   2.000   2.000   2.000   2.000   2.000   2.000   2.000   2.000   2.000   2.000   2.000   2.000   2.000   2.000   2.000   2.000   2.000   2.000   2.000   2.000   2.000   2.000   2.000   2.000   2.000   2.000   2.000   2.000   2.000   2.000   2.000   2.000   2.000  -2.000  -2.000  -2.000  -2.000  -2.000  -2.000  -2.000  -2.000  -2.000  -2.000  -2.000  -2.000  -2.000  -2.000  -2.000  -2.000  -2.000  -2.000  -2.000  -2.000  -2.000  -2.000  -2.000  -2.000  -2.000  -2.000  -2.000  -2.000  -2.000  -2.000  -2.000  -2.000  -2.000  -2.000  -2.000  -2.000  -2.000  -2.000  -2.000  -2.000  -1.000  -1.000  -1.000  -1.000  -1.000  -1.000  -1.000  -1.000  -1.000  -1.000  -1.000  -1.000  -1.000  -1.000  -1.000  -1.000  -1.000  -1.000  -1.000  -1.000  -1.000  -1.000  -1.000  -1.000  -1.000  -1.000  -1.000  -1.000  -1.000  -1.000  -1.000  -1.000  -1.000  -1.000  -1.000  -1.000  -1.000  -1.000  -1.000  -1.000   0.000   0.000   0.000   0.000   0.000   0.000   0.000   0.000   0.000   0.000   0.000   0.000   0.000   0.000   0.000   0.000   0.000   0.000   0.000   0.000   0.000   0.000   0.000   0.000   0.000   0.000   0.000   0.000   0.000   0.000   0.000   0.000   0.000   0.000   0.000   0.000   0.000   0.000   0.000   0.000   1.000   1.000   1.000   1.000   1.000   1.000   1.000   1.000   1.000   1.000   1.000   1.000   1.000   1.000   1.000   1.000   1.000   1.000   1.000   1.000   1.000   1.000   1.000   1.000   1.000   1.000   1.000   1.000   1.000   1.000   1.000   1.000   1.000   1.000   1.000   1.000   1.000   1.000   1.000   1.000   2.000   2.000   2.000   2.000   2.000   2.000   2.000   2.000   2.000   2.000   2.000   2.000   2.000   2.000   2.000   2.000   2.000   2.000   2.000   2.000   2.000   2.000   2.000   2.000   2.000   2.000   2.000   2.000   2.000   2.000   2.000   2.000   2.000   2.000   2.000   2.000   2.000   2.000   2.000   2.000;
---------------------------------- 


Searched 1000 iterations for 0.098611 hours
Rate: 2.8169 iterations per second
INFO: 958/1000 schedules were ill-conditioned 
Number of iterations since last substitution 0
Cost Avg/Std: 0.0003946 0.000460618
Max Eff Encountered:    0.00139433
Max VRFAvg Encountered: 0
Eff of Nominal Ideal XtX: 0.0198581

Rank     Cost   ZCost NthIter  Eff   CB1Err   VRFAvg VRFStd VRFMin VRFMax VRFRng IXtXErr  
  1    0.0014   2.170   206   0.001 0.907500   0.00   0.00   0.00   0.00   0.00   6459.76
  2    0.0012   1.737   221   0.001 0.787500   0.00   0.00   0.00   0.00   0.00   6479.79
  3    0.0011   1.503   474   0.001 0.767500   0.00   0.00   0.00   0.00   0.00   6441.03
  4    0.0011   1.456   980   0.001 0.867500   0.00   0.00   0.00   0.00   0.00   6505.39
  5    0.0011   1.427   549   0.001 0.827500   0.00   0.00   0.00   0.00   0.00   6386.12
  6    0.0010   1.381   100   0.001 0.867500   0.00   0.00   0.00   0.00   0.00   6465.08
  7    0.0010   1.292   866   0.001 0.867500   0.00   0.00   0.00   0.00   0.00   6448.29
  8    0.0010   1.234   581   0.001 0.827500   0.00   0.00   0.00   0.00   0.00   6444.61
  9    0.0009   1.008   959   0.001 0.707500   0.00   0.00   0.00   0.00   0.00   6448.59
 10    0.0008   0.960   954   0.001 0.807500   0.00   0.00   0.00   0.00   0.00   6429.32

Ideal CB1 PMtx--------------------------
 0.100   0.100   0.100   0.100   0.100   0.100   0.100   0.100   0.100   0.100;
 0.100   0.100   0.100   0.100   0.100   0.100   0.100   0.100   0.100   0.100;
 0.100   0.100   0.100   0.100   0.100   0.100   0.100   0.100   0.100   0.100;
 0.100   0.100   0.100   0.100   0.100   0.100   0.100   0.100   0.100   0.100;
 0.100   0.100   0.100   0.100   0.100   0.100   0.100   0.100   0.100   0.100;
 0.100   0.100   0.100   0.100   0.100   0.100   0.100   0.100   0.100   0.100;
 0.100   0.100   0.100   0.100   0.100   0.100   0.100   0.100   0.100   0.100;
 0.100   0.100   0.100   0.100   0.100   0.100   0.100   0.100   0.100   0.100;
 0.100   0.100   0.100   0.100   0.100   0.100   0.100   0.100   0.100   0.100;
 0.100   0.100   0.100   0.100   0.100   0.100   0.100   0.100   0.100   0.100;
Schedule 1 CB1 PMtx--------------------------
 0.250   0.125   0.125   0.000   0.000   0.125   0.125   0.000   0.125   0.125;
 0.125   0.000   0.125   0.000   0.000   0.000   0.000   0.375   0.125   0.125;
 0.250   0.000   0.000   0.000   0.125   0.000   0.375   0.125   0.000   0.125;
 0.000   0.250   0.250   0.000   0.000   0.250   0.125   0.000   0.125   0.000;
 0.125   0.250   0.000   0.125   0.000   0.000   0.000   0.125   0.125   0.250;
 0.125   0.000   0.250   0.125   0.125   0.125   0.000   0.250   0.000   0.000;
 0.000   0.000   0.000   0.000   0.250   0.375   0.125   0.000   0.125   0.125;
 0.125   0.125   0.000   0.375   0.000   0.125   0.000   0.125   0.000   0.125;
 0.000   0.250   0.250   0.250   0.000   0.000   0.000   0.000   0.125   0.125;
 0.000   0.000   0.000   0.125   0.375   0.000   0.250   0.000   0.250   0.000;
Schedule 2 CB1 PMtx--------------------------
 0.250   0.000   0.125   0.000   0.125   0.125   0.000   0.250   0.125   0.000;
 0.000   0.125   0.000   0.125   0.125   0.250   0.000   0.125   0.000   0.125;
 0.125   0.000   0.000   0.375   0.125   0.000   0.125   0.000   0.000   0.250;
 0.125   0.000   0.125   0.000   0.125   0.125   0.125   0.250   0.125   0.000;
 0.000   0.250   0.125   0.125   0.250   0.000   0.125   0.000   0.000   0.125;
 0.250   0.250   0.250   0.000   0.000   0.125   0.000   0.000   0.125   0.000;
 0.125   0.125   0.000   0.125   0.125   0.000   0.000   0.250   0.125   0.125;
 0.125   0.000   0.125   0.125   0.000   0.000   0.375   0.000   0.125   0.125;
 0.000   0.125   0.125   0.000   0.125   0.125   0.000   0.000   0.250   0.250;
 0.000   0.125   0.125   0.125   0.000   0.250   0.250   0.000   0.125   0.000;
Schedule 3 CB1 PMtx--------------------------
 0.000   0.250   0.250   0.125   0.125   0.125   0.000   0.125   0.000   0.000;
 0.125   0.125   0.125   0.000   0.125   0.125   0.125   0.000   0.125   0.125;
 0.125   0.000   0.125   0.125   0.000   0.250   0.000   0.000   0.125   0.125;
 0.000   0.000   0.125   0.250   0.000   0.000   0.250   0.125   0.000   0.250;
 0.125   0.000   0.000   0.000   0.125   0.000   0.000   0.250   0.375   0.125;
 0.000   0.125   0.125   0.125   0.125   0.250   0.000   0.000   0.000   0.250;
 0.125   0.125   0.000   0.250   0.125   0.000   0.250   0.000   0.125   0.000;
 0.250   0.000   0.125   0.000   0.125   0.125   0.250   0.125   0.000   0.000;
 0.125   0.125   0.000   0.125   0.125   0.000   0.125   0.250   0.000   0.125;
 0.125   0.250   0.125   0.000   0.125   0.000   0.000   0.125   0.250   0.000;
Schedule 4 CB1 PMtx--------------------------
 0.250   0.000   0.000   0.000   0.125   0.125   0.125   0.000   0.250   0.125;
 0.125   0.000   0.250   0.000   0.000   0.125   0.375   0.000   0.125   0.000;
 0.000   0.250   0.000   0.000   0.125   0.000   0.125   0.125   0.125   0.125;
 0.125   0.000   0.125   0.000   0.000   0.000   0.125   0.125   0.125   0.375;
 0.000   0.125   0.125   0.250   0.125   0.250   0.000   0.000   0.125   0.000;
 0.250   0.000   0.000   0.125   0.000   0.125   0.000   0.375   0.000   0.125;
 0.000   0.000   0.125   0.250   0.375   0.125   0.125   0.000   0.000   0.000;
 0.000   0.250   0.250   0.250   0.125   0.000   0.000   0.125   0.000   0.000;
 0.000   0.250   0.000   0.125   0.125   0.125   0.000   0.000   0.250   0.125;
 0.250   0.000   0.125   0.000   0.000   0.125   0.125   0.250   0.000   0.125;
Schedule 5 CB1 PMtx--------------------------
 0.125   0.125   0.125   0.125   0.000   0.000   0.250   0.125   0.125   0.000;
 0.000   0.000   0.125   0.250   0.000   0.250   0.000   0.250   0.125   0.000;
 0.000   0.125   0.250   0.000   0.125   0.000   0.000   0.125   0.125   0.250;
 0.250   0.000   0.000   0.250   0.000   0.000   0.250   0.000   0.125   0.000;
 0.125   0.125   0.000   0.000   0.000   0.125   0.000   0.250   0.250   0.125;
 0.000   0.000   0.125   0.000   0.375   0.125   0.250   0.125   0.000   0.000;
 0.250   0.125   0.125   0.125   0.125   0.125   0.000   0.000   0.000   0.125;
 0.000   0.500   0.125   0.000   0.000   0.125   0.000   0.000   0.125   0.125;
 0.125   0.000   0.125   0.000   0.125   0.250   0.125   0.125   0.000   0.125;
 0.125   0.000   0.000   0.250   0.125   0.000   0.125   0.000   0.125   0.250;
Schedule 6 CB1 PMtx--------------------------
 0.125   0.000   0.250   0.125   0.000   0.125   0.000   0.125   0.250   0.000;
 0.125   0.125   0.000   0.125   0.125   0.250   0.000   0.125   0.000   0.000;
 0.000   0.250   0.125   0.000   0.000   0.000   0.250   0.125   0.125   0.125;
 0.000   0.250   0.125   0.125   0.000   0.125   0.250   0.000   0.125   0.000;
 0.000   0.000   0.125   0.250   0.000   0.125   0.000   0.125   0.125   0.250;
 0.250   0.000   0.125   0.000   0.125   0.000   0.250   0.000   0.000   0.250;
 0.250   0.000   0.125   0.000   0.375   0.000   0.000   0.250   0.000   0.000;
 0.125   0.000   0.000   0.125   0.125   0.000   0.000   0.125   0.250   0.250;
 0.000   0.125   0.000   0.250   0.000   0.250   0.250   0.000   0.000   0.125;
 0.125   0.250   0.000   0.000   0.250   0.125   0.000   0.125   0.125   0.000;
Schedule 7 CB1 PMtx--------------------------
 0.125   0.000   0.125   0.125   0.000   0.250   0.000   0.125   0.125   0.125;
 0.125   0.250   0.000   0.000   0.000   0.125   0.125   0.000   0.125   0.250;
 0.125   0.250   0.125   0.000   0.000   0.000   0.375   0.000   0.000   0.000;
 0.125   0.125   0.000   0.375   0.125   0.000   0.000   0.125   0.000   0.125;
 0.125   0.375   0.125   0.000   0.250   0.000   0.000   0.000   0.000   0.125;
 0.125   0.000   0.000   0.125   0.125   0.000   0.000   0.500   0.125   0.000;
 0.000   0.000   0.250   0.250   0.125   0.125   0.000   0.000   0.125   0.125;
 0.125   0.000   0.250   0.125   0.000   0.000   0.250   0.125   0.000   0.125;
 0.125   0.000   0.000   0.000   0.125   0.250   0.000   0.125   0.250   0.125;
 0.000   0.000   0.125   0.000   0.250   0.125   0.250   0.000   0.250   0.000;
Schedule 8 CB1 PMtx--------------------------
 0.000   0.000   0.125   0.000   0.000   0.125   0.250   0.000   0.000   0.500;
 0.125   0.000   0.125   0.000   0.125   0.125   0.125   0.000   0.125   0.125;
 0.000   0.125   0.125   0.000   0.250   0.250   0.000   0.125   0.125   0.000;
 0.125   0.250   0.125   0.125   0.000   0.125   0.000   0.125   0.125   0.000;
 0.000   0.000   0.125   0.125   0.250   0.000   0.125   0.250   0.000   0.125;
 0.000   0.125   0.000   0.125   0.000   0.000   0.375   0.250   0.125   0.000;
 0.000   0.250   0.000   0.375   0.125   0.000   0.000   0.000   0.250   0.000;
 0.375   0.000   0.000   0.125   0.000   0.125   0.125   0.125   0.000   0.125;
 0.250   0.125   0.000   0.000   0.125   0.125   0.000   0.125   0.125   0.125;
 0.125   0.125   0.375   0.125   0.000   0.125   0.000   0.000   0.125   0.000;
Schedule 9 CB1 PMtx--------------------------
 0.250   0.125   0.000   0.125   0.125   0.125   0.000   0.125   0.125   0.000;
 0.125   0.125   0.000   0.125   0.125   0.125   0.000   0.125   0.125   0.125;
 0.000   0.125   0.250   0.125   0.000   0.000   0.125   0.125   0.125   0.125;
 0.000   0.375   0.000   0.000   0.125   0.125   0.125   0.000   0.000   0.250;
 0.125   0.000   0.125   0.250   0.125   0.000   0.125   0.000   0.125   0.125;
 0.125   0.000   0.250   0.000   0.250   0.000   0.125   0.125   0.000   0.125;
 0.250   0.125   0.125   0.000   0.000   0.250   0.000   0.000   0.250   0.000;
 0.000   0.000   0.125   0.125   0.125   0.125   0.125   0.250   0.125   0.000;
 0.125   0.000   0.000   0.125   0.125   0.250   0.125   0.000   0.125   0.125;
 0.000   0.000   0.125   0.125   0.000   0.000   0.250   0.250   0.000   0.125;
Schedule 10 CB1 PMtx--------------------------
 0.125   0.125   0.250   0.125   0.125   0.125   0.000   0.000   0.125   0.000;
 0.000   0.125   0.125   0.250   0.000   0.000   0.000   0.000   0.250   0.250;
 0.000   0.000   0.000   0.125   0.125   0.000   0.250   0.375   0.125   0.000;
 0.125   0.000   0.000   0.000   0.125   0.125   0.375   0.000   0.000   0.250;
 0.125   0.000   0.000   0.000   0.125   0.000   0.125   0.250   0.125   0.250;
 0.250   0.125   0.125   0.000   0.000   0.125   0.125   0.125   0.000   0.125;
 0.125   0.250   0.000   0.125   0.125   0.250   0.000   0.125   0.000   0.000;
 0.000   0.125   0.000   0.000   0.250   0.250   0.125   0.000   0.000   0.125;
 0.125   0.125   0.250   0.125   0.125   0.000   0.000   0.125   0.125   0.000;
 0.125   0.125   0.250   0.125   0.000   0.125   0.000   0.000   0.250   0.000;
